inherited MainForm_NmXhdpiPh: TMainForm_NmXhdpiPh
  Caption = ''
  ClientHeight = 615
  ClientWidth = 400
  DesignerMasterStyle = 0
  inherited Memo1: TMemo
    Padding.Top = 10.000000000000000000
    Size.Width = 390.000000000000000000
    Size.Height = 557.000000000000000000
    Viewport.Width = 382.000000000000000000
    Viewport.Height = 549.000000000000000000
  end
  inherited ToolBar1: TToolBar
    Size.Width = 400.000000000000000000
    Size.Height = 48.000000000000000000
    inherited butStart: TButton
      Margins.Top = 5.000000000000000000
      Margins.Right = 5.000000000000000000
      Margins.Bottom = 5.000000000000000000
      Position.Y = 9.000000000000000000
      Size.Height = 30.000000000000000000
    end
    inherited butStop: TButton
      Position.X = 95.000000000000000000
      Position.Y = 9.000000000000000000
      Size.Height = 30.000000000000000000
    end
  end
end
